
1073741719 386813690 2714038447 1073741719 1073741719 3218142131 134514585 3557617843 3947517376

3218142131 1073741719 134514585 3557617843 3947517376 1073741719 1073741719 386813690 2714038447

3947517376 3557617843 1073741719 386813690 134514585 2714038447 1073741719 3218142131 1073741719

2714038447 134514585 1073741719 1073741719 3557617843 3947517376 386813690 1073741719 3218142131

1073741719 3218142131 386813690 2714038447 1073741719 134514585 3947517376 1073741719 3557617843

3557617843 1073741719 3947517376 3218142131 386813690 1073741719 2714038447 134514585 1073741719

134514585 2714038447 3557617843 1073741719 3218142131 1073741719 1073741719 3947517376 386813690

386813690 3947517376 1073741719 134514585 2714038447 3557617843 3218142131 1073741719 1073741719

1073741719 1073741719 3218142131 3947517376 1073741719 386813690 3557617843 2714038447 134514585


