 111,
-122,
-28,
-106,
41,
-66,
-118,
94,
33,
-30,
-64,
-38,
37,
-73,
-107,
-32,
95,
10,
108,
-23,
68,
-37,
18,
76,
58,
108,
20,
-121,
-58,
54,
107,
109,
-107,
6,
28,
45,
17,
-98,
-8,
114,
-52,
-101,
116,
-121,
115,
-89,
82,
114,
12,
91,
-110,
-115,
124,
-87,
53,
-21,
-59,
-42,
30,
28,
-98,
126,
-45,
110,
67,
53,
-109,
-48,
108,
38,
-76,
-107,
-27,
-103,
40,
99,
94,
-21,
-83,
64,
-50,
38,
103,
-9,
50,
-78,
3,
13,
48,
36,
-109,
-124,
58,
25,
-84,
111,
17,
-69,
11,
91,
65,
-115,
-99,
73,
26,
-79,
33,
-39,
121,
67,
-68,
-125,
28,
54,
-104,
-71,
90,
83,
-39,
-12,
-93,
-103,
52,
103,
162,
139,
-50,
6
